802.11bq Channel Access Simulation - Delay Results
lambda values: 5

==========================================================================================
λ = 5 pkt/sta/s
  simulation time: 1.0e+07 us,  averaged over 1 runs
  M values: 0.10, 0.20, 0.40, 0.60, 1.00, 2.00, 3.00, 4.00, 5.00
  Tp values (us): 19, 38, 76, 114, 190, 380, 570, 760, 950

  Protocol                  M   Tp(us)       q*      MeanQ      MeanA      MeanD       QLen
  -------------------- ------ -------- -------- ---------- ---------- ---------- ----------
  SF-CF                  0.10       19   0.9000        0.0       30.4       30.4       0.00
  SF-CF                  0.20       38   0.9000        0.0       63.2       63.3       0.01
  SF-CF                  0.40       76   0.9000        0.0      121.8      121.8       0.02
  SF-CF                  0.60      114   0.8000        0.2      214.1      214.3       0.03
  SF-CF                  1.00      190   0.8000        0.7      371.8      372.4       0.05
  SF-CF                  2.00      380   0.7000        1.6      851.7      853.3       0.13
  SF-CF                  3.00      570   0.4000       14.3     1951.0     1965.2       0.33
  SF-CF                  4.00      760   0.3000       62.5     3809.4     3872.0       0.68
  SF-CF                  5.00      950   0.3000      122.8     4691.7     4814.4       0.85
  SF-CB                  0.10       19   0.8000        0.8      548.7      549.5       0.09
  SF-CB                  0.20       38   0.8000        0.8      554.7      555.4       0.09
  SF-CB                  0.40       76   0.8000        0.8      564.7      565.5       0.09
  SF-CB                  0.60      114   0.8000        0.7      562.8      563.4       0.09
  SF-CB                  1.00      190   0.8000        0.8      584.1      584.8       0.10
  SF-CB                  2.00      380   0.7000        1.1      809.9      811.0       0.14
  SF-CB                  3.00      570   0.7000        2.4     1047.2     1049.6       0.19
  SF-CB                  4.00      760   0.7000        4.7     1265.0     1269.7       0.23
  SF-CB                  5.00      950   0.7000        6.7     1548.8     1555.4       0.28
  SB-CF                  0.10       19   0.7000        0.0       19.6       19.6       0.00
  SB-CF                  0.20       38   0.3000        0.0       56.2       56.2       0.01
  SB-CF                  0.40       76   0.0700        0.0      149.3      149.4       0.03
  SB-CF                  0.60      114   0.0300        0.6      296.2      296.9       0.06
  SB-CF                  1.00      190   0.0100        3.0      783.6      786.7       0.15
  SB-CF                  2.00      380   0.0050       19.0     1907.2     1926.2       0.38
  SB-CF                  3.00      570   0.0010      328.3     7740.0     8068.2       1.57
  SB-CF                  4.00      760   0.0009      722.2    11692.9    12415.1       2.42
  SB-CF                  5.00      950   0.0002    27273.2    59845.9    87119.1      16.94
  SB-CB                  0.10       19   0.5000        0.1      209.3      209.4       0.04
  SB-CB                  0.20       38   0.4000        0.2      232.1      232.3       0.05
  SB-CB                  0.40       76   0.4000        0.2      268.0      268.2       0.05
  SB-CB                  0.60      114   0.5000        0.3      316.9      317.2       0.06
  SB-CB                  1.00      190   0.4000        0.4      399.9      400.3       0.08
  SB-CB                  2.00      380   0.4000        0.8      608.1      609.0       0.12
  SB-CB                  3.00      570   0.3000        1.6      844.8      846.4       0.17
  SB-CB                  4.00      760   0.1400        3.2     1089.8     1093.0       0.22
  SB-CB                  5.00      950   0.1900        5.3     1344.0     1349.4       0.27
  S7-AS (nS=0)           0.10       19   0.8000        0.0      185.9      185.9       0.04
  S7-AS (nS=0)           0.20       38   0.9000        0.0      203.8      203.8       0.04
  S7-AS (nS=0)           0.40       76   0.9000        0.0      241.0      241.0       0.05
  S7-AS (nS=0)           0.60      114   0.9000        0.0      278.9      278.9       0.06
  S7-AS (nS=0)           1.00      190   0.9000        0.1      365.0      365.1       0.07
  S7-AS (nS=0)           2.00      380   0.8000        0.4      572.4      572.8       0.11
  S7-AS (nS=0)           3.00      570   0.8000        0.9      788.8      789.7       0.15
  S7-AS (nS=0)           4.00      760   0.6000        1.7     1016.2     1017.9       0.20
  S7-AS (nS=0)           5.00      950   0.6000        2.8     1256.1     1258.9       0.24

  --- Per-protocol optimal M (min mean delay) ---
  Protocol              M_opt Tp_opt(us)      MeanD       QLen       q*
  -------------------- ------ ---------- ---------- ---------- --------
  SF-CF                  0.10         19       30.4       0.00   0.9000
  SF-CB                  0.10         19      549.5       0.09   0.8000
  SB-CF                  0.10         19       19.6       0.00   0.7000
  SB-CB                  0.10         19      209.4       0.04   0.5000
  S7-AS (nS=0)           0.10         19      185.9       0.04   0.8000

  --- CF vs CB crossover Tp (us) ---
  pair                       Tp_cross
  ------------------------ ----------
  SF-CF x SF-CB                   348
  SB-CF x SB-CB                   118
